                                50%   90%                                                                                                 
12345   115    18    60   402     6    62    15    69    25    85 13124  2013   803    38     0     0  8827   691   695   782   914  4320 
      
16206 
                                50%   90%                                                                                                 
94345   115    18    60   378     5    41    11   207    26    52 15751  1716  1236    72     0     0  8552   362   377   596  1046  4320 
      
18132 
                                50%   90%                                                                                                 
78965   115    18    60   353     5    52    11    69    26    51 19975  1903  1728    33     0     0  6386  1393   868   200   550  4320 
      
22986 
                                50%   90%                                                                                                 
43985   115    18    60   379     5     9     9    69    28    33 17839  2081  1439    13     0     0  5145   355   282   113   667  4320 
      
19256 
                                50%   90%                                                                                                 
94565   115    18    60   343     5    38    11    69    25    49 18685  2010  1481    36     0     0  4104   305   860   335   233  4320 
      
20418 
